0.90, 9024, 546.590215, 545.420995, 293.946790, 239.824331, -0.260884, 0.461329, 0.061434, -0.003845, 0.009281
0.90, 8544, 546.131928, 544.815821, 295.645273, 240.327186, -0.245947, 0.360512, 0.212696, -0.004973, 0.010443
0.90, 8064, 545.290505, 544.239243, 296.174917, 240.275501, -0.269636, 0.478460, 0.034046, -0.004557, 0.010175
0.90, 7584, 545.817347, 544.573672, 294.395132, 238.544948, -0.295902, 0.545815, -0.024144, -0.004121, 0.009938
0.90, 7104, 545.292348, 543.937425, 291.254154, 237.732664, -0.302269, 0.530275, 0.023846, -0.002867, 0.009096
0.90, 6624, 545.360506, 544.235509, 291.402388, 236.871309, -0.294575, 0.498448, 0.075550, -0.004014, 0.009139
0.90, 6144, 547.168501, 546.211911, 290.444684, 236.613202, -0.281930, 0.415599, 0.226739, -0.002744, 0.009479
0.90, 5664, 547.700582, 546.342982, 287.766696, 234.893724, -0.316876, 0.549108, 0.043064, -0.004437, 0.008890
0.90, 5184, 547.055291, 545.625185, 288.387956, 234.460299, -0.321335, 0.557373, 0.030765, -0.004797, 0.008741
0.90, 4704, 546.967275, 545.848274, 289.006636, 234.335841, -0.318622, 0.567236, 0.008926, -0.005787, 0.008286
0.90, 4224, 546.491203, 544.872735, 289.116167, 232.911337, -0.308633, 0.549291, 0.023348, -0.007941, 0.008174
0.90, 3744, 546.046509, 544.481666, 290.461136, 231.444868, -0.318596, 0.590552, -0.035339, -0.009122, 0.009340
0.90, 3264, 546.740989, 545.122124, 289.049869, 231.693046, -0.307415, 0.584613, -0.058088, -0.007968, 0.009113
0.90, 2784, 553.298026, 551.910758, 288.960722, 230.651862, -0.267922, 0.440311, 0.173626, -0.007899, 0.011415
0.90, 2304, 554.370396, 552.773922, 292.861103, 229.780289, -0.298998, 0.561169, 0.057783, -0.010192, 0.014819
0.90, 1824, 555.706022, 552.953539, 292.374728, 234.392040, -0.173805, -0.120531, 1.137983, -0.011532, 0.015321
0.90, 1344, 562.664109, 558.510006, 293.686455, 230.519892, -0.106841, -0.564253, 1.993925, -0.008833, 0.016331
0.90, 864, 551.429383, 542.985141, 256.116961, 232.539381, -0.363550, 0.749572, -0.386185, -0.006201, -0.002411
0.91, 9024, 543.996527, 543.047021, 298.915396, 240.085207, -0.228807, 0.373903, 0.120273, -0.003591, 0.008630
0.91, 8544, 543.651669, 542.531377, 300.592823, 240.577168, -0.216154, 0.288346, 0.246189, -0.004541, 0.009693
0.91, 8064, 543.150092, 542.235677, 300.439147, 240.310185, -0.241664, 0.407883, 0.076604, -0.004147, 0.009532
0.91, 7584, 543.559361, 542.458275, 298.918461, 238.843839, -0.263227, 0.463945, 0.025809, -0.003789, 0.009373
0.91, 7104, 542.995896, 541.824139, 295.609703, 238.010965, -0.262737, 0.416551, 0.125157, -0.002669, 0.008624
0.91, 6624, 543.220070, 542.262646, 295.731432, 237.241419, -0.256393, 0.386195, 0.180967, -0.003690, 0.008544
0.91, 6144, 544.767337, 543.964468, 294.759129, 236.972005, -0.243029, 0.298349, 0.343798, -0.002603, 0.008845
0.91, 5664, 545.098101, 543.959769, 292.182704, 235.581034, -0.267378, 0.382521, 0.234880, -0.004124, 0.008372
0.91, 5184, 544.595174, 543.391084, 292.730008, 235.141831, -0.274722, 0.410767, 0.188877, -0.004455, 0.008200
0.91, 4704, 544.726725, 543.786777, 292.999967, 234.978185, -0.280175, 0.457161, 0.115872, -0.005434, 0.007661
0.91, 4224, 544.373140, 542.990709, 292.557232, 233.775432, -0.274217, 0.451678, 0.114647, -0.007357, 0.007478
0.91, 3744, 543.776252, 542.448096, 294.053001, 232.564563, -0.276346, 0.454472, 0.110664, -0.008406, 0.008569
0.91, 3264, 544.483279, 543.121946, 292.644999, 232.678063, -0.269407, 0.465275, 0.067791, -0.007385, 0.008402
0.91, 2784, 550.401463, 549.251094, 291.909576, 231.734992, -0.240984, 0.367708, 0.235381, -0.007210, 0.010364
0.91, 2304, 551.171954, 549.821121, 295.166482, 231.094976, -0.267875, 0.470989, 0.134435, -0.009236, 0.013362
0.91, 1824, 552.283156, 549.966349, 294.582106, 235.000726, -0.157216, -0.128737, 1.077675, -0.010400, 0.013578
0.91, 1344, 557.913511, 554.458850, 295.699758, 231.573591, -0.083910, -0.586733, 1.919439, -0.007893, 0.014392
0.91, 864, 548.872033, 541.505186, 262.211100, 232.276149, -0.333127, 0.718033, -0.384927, -0.006234, -0.003176
0.92, 9024, 542.063557, 541.235831, 303.273645, 239.746485, -0.206615, 0.324640, 0.143696, -0.003198, 0.008032
0.92, 8544, 541.852849, 540.845312, 304.598082, 240.109042, -0.197353, 0.258627, 0.241615, -0.003951, 0.008980
0.92, 8064, 541.528210, 540.696600, 303.915174, 239.886358, -0.221509, 0.366792, 0.094381, -0.003652, 0.008934
0.92, 7584, 541.853561, 540.850615, 302.724760, 238.767813, -0.240009, 0.419994, 0.036846, -0.003387, 0.008831
0.92, 7104, 541.184941, 540.153940, 299.582195, 238.126396, -0.232647, 0.343959, 0.175895, -0.002473, 0.008173
0.92, 6624, 541.549315, 540.716370, 299.706994, 237.442729, -0.228167, 0.318770, 0.229078, -0.003354, 0.007979
0.92, 6144, 542.824876, 542.137746, 298.697898, 237.215232, -0.214886, 0.232267, 0.389441, -0.002468, 0.008199
0.92, 5664, 542.902239, 541.952764, 296.209721, 236.142909, -0.228020, 0.263536, 0.359576, -0.003782, 0.007822
0.92, 5184, 542.551257, 541.541447, 296.688003, 235.727035, -0.238076, 0.310626, 0.282238, -0.004096, 0.007654
0.92, 4704, 542.893246, 542.100609, 296.666457, 235.496501, -0.251276, 0.391869, 0.160805, -0.005035, 0.007073
0.92, 4224, 542.589062, 541.417259, 295.832848, 234.533296, -0.247452, 0.390747, 0.155080, -0.006724, 0.006846
0.92, 3744, 541.932753, 540.812553, 297.360765, 233.542194, -0.244470, 0.368409, 0.187598, -0.007631, 0.007824
0.92, 3264, 542.540418, 541.410214, 296.030890, 233.588138, -0.239049, 0.382221, 0.143453, -0.006765, 0.007726
0.92, 2784, 547.718809, 546.788947, 294.610039, 232.734714, -0.218305, 0.316516, 0.263083, -0.006537, 0.009302
0.92, 2304, 548.222394, 547.106089, 297.355471, 232.324081, -0.241377, 0.405575, 0.172355, -0.008256, 0.011928
0.92, 1824, 549.108065, 547.204221, 296.785590, 235.476638, -0.145198, -0.110823, 0.976403, -0.009251, 0.011871
0.92, 1344, 553.745786, 550.960235, 297.991011, 232.349618, -0.070323, -0.558880, 1.771266, -0.006952, 0.012528
0.92, 864, 546.283249, 540.115761, 268.778035, 232.080617, -0.295697, 0.657845, -0.355914, -0.006152, -0.003453
0.93, 9024, 540.686475, 539.946999, 305.854303, 239.137543, -0.193709, 0.308414, 0.142432, -0.002781, 0.007636
0.93, 8544, 540.537886, 539.634787, 306.778833, 239.390901, -0.186747, 0.256742, 0.219632, -0.003373, 0.008469
0.93, 8064, 540.273959, 539.520271, 306.118553, 239.305516, -0.207420, 0.347190, 0.097653, -0.003175, 0.008465
0.93, 7584, 540.553038, 539.647713, 305.210303, 238.500064, -0.223758, 0.399133, 0.033956, -0.003000, 0.008391
0.93, 7104, 539.841326, 538.930699, 302.592971, 238.082801, -0.212551, 0.311428, 0.183704, -0.002289, 0.007795
0.93, 6624, 540.281600, 539.548005, 302.751261, 237.495845, -0.209652, 0.291771, 0.231269, -0.003038, 0.007538
0.93, 6144, 541.311140, 540.711404, 301.861228, 237.346293, -0.197333, 0.213628, 0.374263, -0.002348, 0.007656
0.93, 5664, 541.156207, 540.364142, 299.554821, 236.537523, -0.200881, 0.201080, 0.407427, -0.003434, 0.007308
0.93, 5184, 540.939637, 540.092625, 299.931945, 236.171124, -0.212772, 0.261171, 0.309045, -0.003737, 0.007174
0.93, 4704, 541.419791, 540.747087, 299.738615, 235.885003, -0.231123, 0.364976, 0.156674, -0.004599, 0.006617
0.93, 4224, 541.120739, 540.133888, 298.744612, 235.155526, -0.228004, 0.362985, 0.152937, -0.006052, 0.006358
0.93, 3744, 540.479014, 539.537254, 300.173721, 234.358141, -0.222383, 0.327685, 0.205095, -0.006829, 0.007199
0.93, 3264, 540.927671, 539.997475, 299.022094, 234.391867, -0.216892, 0.336746, 0.169768, -0.006117, 0.007151
0.93, 2784, 545.318851, 544.584055, 297.175972, 233.678513, -0.201264, 0.291805, 0.254547, -0.005855, 0.008350
0.93, 2304, 545.620837, 544.717967, 299.469856, 233.466082, -0.220946, 0.369335, 0.171157, -0.007221, 0.010637
0.93, 1824, 546.283006, 544.752849, 298.998043, 235.859454, -0.138810, -0.065738, 0.840557, -0.008047, 0.010343
0.93, 1344, 550.161624, 548.004723, 300.675059, 233.030435, -0.065912, -0.486224, 1.566187, -0.005954, 0.010863
0.93, 864, 543.727374, 538.904835, 276.357722, 232.194295, -0.251940, 0.566686, -0.289253, -0.005790, -0.002884
0.94, 9024, 539.533718, 538.894589, 307.087506, 238.662729, -0.185158, 0.307256, 0.130205, -0.002463, 0.007412
0.94, 8544, 539.408998, 538.630712, 307.762742, 238.849690, -0.179516, 0.265095, 0.193057, -0.002931, 0.008124
0.94, 8064, 539.189880, 538.532000, 307.300137, 238.832602, -0.196624, 0.338887, 0.093751, -0.002797, 0.008121
0.94, 7584, 539.432692, 538.643541, 306.619280, 238.245180, -0.210804, 0.386792, 0.031199, -0.002682, 0.008059
0.94, 7104, 538.766579, 537.976828, 304.618308, 237.983848, -0.198777, 0.301876, 0.170895, -0.002136, 0.007518
0.94, 6624, 539.213496, 538.577384, 304.740733, 237.487072, -0.197049, 0.286902, 0.212150, -0.002762, 0.007253
0.94, 6144, 540.051897, 539.532763, 304.029767, 237.388486, -0.186600, 0.222013, 0.329827, -0.002227, 0.007291
0.94, 5664, 539.758871, 539.100825, 302.076992, 236.784537, -0.183955, 0.183755, 0.397370, -0.003108, 0.006923
0.94, 5184, 539.633203, 538.927289, 302.337939, 236.482115, -0.196204, 0.247734, 0.292902, -0.003394, 0.006834
0.94, 4704, 540.160604, 539.592825, 302.086759, 236.178723, -0.216412, 0.358533, 0.131199, -0.004146, 0.006344
0.94, 4224, 539.869214, 539.047455, 301.153961, 235.654098, -0.213612, 0.355625, 0.128511, -0.005370, 0.006060
0.94, 3744, 539.287087, 538.502566, 302.340561, 235.007440, -0.207148, 0.316034, 0.188401, -0.006023, 0.006769
0.94, 3264, 539.584799, 538.825923, 301.460274, 235.063953, -0.201462, 0.319979, 0.161751, -0.005454, 0.006739
0.94, 2784, 543.192808, 542.623940, 299.528876, 234.524052, -0.189256, 0.288951, 0.219315, -0.005185, 0.007568
0.94, 2304, 543.336222, 542.622999, 301.411592, 234.470103, -0.205409, 0.354104, 0.145623, -0.006201, 0.009524
0.94, 1824, 543.792144, 542.590182, 301.023600, 236.145484, -0.136724, -0.003104, 0.686918, -0.006874, 0.009038
0.94, 1344, 547.006070, 545.398042, 303.006379, 233.465329, -0.069152, -0.376505, 1.309106, -0.005145, 0.009330
0.94, 864, 540.910839, 537.473963, 284.315365, 232.267707, -0.192769, 0.397269, -0.123578, -0.005419, -0.001679
0.95, 9024, 538.464335, 537.933736, 307.759642, 238.307144, -0.178346, 0.312031, 0.113192, -0.002214, 0.007263
0.95, 8544, 538.356981, 537.711937, 308.278915, 238.450508, -0.173708, 0.277645, 0.164167, -0.002581, 0.007852
0.95, 8064, 538.179475, 537.628620, 307.971089, 238.441709, -0.187515, 0.336508, 0.085197, -0.002481, 0.007848
0.95, 7584, 538.387755, 537.727547, 307.443892, 238.019690, -0.199447, 0.378205, 0.029032, -0.002411, 0.007794
0.95, 7104, 537.814872, 537.153490, 305.939620, 237.862976, -0.188324, 0.303196, 0.150180, -0.002003, 0.007321
0.95, 6624, 538.216429, 537.683820, 306.016237, 237.456596, -0.187245, 0.291391, 0.185494, -0.002513, 0.007078
0.95, 6144, 538.895822, 538.460422, 305.482011, 237.400796, -0.178899, 0.240371, 0.277639, -0.002111, 0.007070
0.95, 5664, 538.558076, 538.021889, 303.904400, 236.933592, -0.173299, 0.192473, 0.356081, -0.002808, 0.006685
0.95, 5184, 538.482992, 537.907654, 304.069523, 236.695198, -0.184577, 0.252534, 0.257838, -0.003066, 0.006632
0.95, 4704, 538.991566, 538.524056, 303.832040, 236.411999, -0.204145, 0.358492, 0.103212, -0.003692, 0.006227
0.95, 4224, 538.729873, 538.062029, 303.055060, 236.042188, -0.201831, 0.356296, 0.099396, -0.004694, 0.005943
0.95, 3744, 538.223038, 537.585578, 303.959882, 235.525462, -0.195444, 0.317259, 0.159565, -0.005232, 0.006519
0.95, 3264, 538.410567, 537.803397, 303.345330, 235.601547, -0.190169, 0.318870, 0.138082, -0.004786, 0.006498
0.95, 2784, 541.293731, 540.863514, 301.605567, 235.240792, -0.180904, 0.299826, 0.171148, -0.004542, 0.007000
0.95, 2304, 541.308876, 540.760305, 303.052212, 235.252729, -0.193313, 0.351222, 0.109792, -0.005259, 0.008584
0.95, 1824, 541.636262, 540.712123, 302.795995, 236.381303, -0.137822, 0.066819, 0.536768, -0.005762, 0.008075
0.95, 1344, 544.289378, 543.109921, 304.808065, 233.934405, -0.079060, -0.247369, 1.046288, -0.004455, 0.008229
0.95, 864, 538.975288, 536.605477, 291.278459, 233.049032, -0.161457, 0.313638, -0.030137, -0.004581, 0.000107
0.96, 9024, 537.448222, 537.029117, 308.162349, 238.047564, -0.172556, 0.320144, 0.093385, -0.002016, 0.007152
0.96, 8544, 537.359049, 536.849786, 308.554038, 238.154743, -0.168859, 0.292980, 0.133468, -0.002294, 0.007621
0.96, 8064, 537.219921, 536.781698, 308.359293, 238.149119, -0.179555, 0.338041, 0.073306, -0.002226, 0.007614
0.96, 7584, 537.390693, 536.864943, 307.962468, 237.845211, -0.189134, 0.372192, 0.026466, -0.002184, 0.007571
0.96, 7104, 536.925092, 536.396909, 306.858424, 237.744394, -0.179669, 0.310059, 0.125718, -0.001885, 0.007177
0.96, 6624, 537.255883, 536.830888, 306.898915, 237.425711, -0.178955, 0.300670, 0.155037, -0.002286, 0.006969
0.96, 6144, 537.788161, 537.441265, 306.502020, 237.387335, -0.172650, 0.262547, 0.223915, -0.001990, 0.006939
0.96, 5664, 537.463347, 537.043208, 305.279331, 237.034113, -0.166167, 0.214949, 0.299294, -0.002530, 0.006566
0.96, 5184, 537.417123, 536.967091, 305.378443, 236.855642, -0.175721, 0.266542, 0.214578, -0.002749, 0.006539
0.96, 4704, 537.866601, 537.498319, 305.184647, 236.614175, -0.193059, 0.359982, 0.077878, -0.003244, 0.006223
0.96, 4224, 537.647946, 537.127890, 304.585199, 236.357903, -0.191311, 0.359010, 0.072834, -0.004031, 0.005967
0.96, 3744, 537.226300, 536.731328, 305.227891, 235.963156, -0.185582, 0.323875, 0.127728, -0.004456, 0.006410
0.96, 3264, 537.335401, 536.868277, 304.827822, 236.043362, -0.181162, 0.324978, 0.109472, -0.004119, 0.006395
0.96, 2784, 539.558839, 539.245856, 303.387561, 235.827749, -0.174637, 0.316136, 0.122532, -0.003929, 0.006644
0.96, 2304, 539.495353, 539.090056, 304.458698, 235.866439, -0.183670, 0.354578, 0.074338, -0.004395, 0.007863
0.96, 1824, 539.706321, 539.019853, 304.248247, 236.556456, -0.140164, 0.134766, 0.401156, -0.004772, 0.007385
0.96, 1344, 541.836437, 540.989250, 306.067344, 234.484041, -0.091958, -0.117847, 0.804355, -0.003837, 0.007524
0.96, 864, 537.180253, 535.590105, 296.418927, 233.603822, -0.136612, 0.239463, 0.064839, -0.004008, 0.001549
0.97, 9024, 536.476640, 536.169244, 308.406951, 237.857882, -0.167549, 0.330687, 0.071562, -0.001856, 0.007061
0.97, 8544, 536.407677, 536.033541, 308.688893, 237.933246, -0.164789, 0.310525, 0.101246, -0.002055, 0.007412
0.97, 8064, 536.302480, 535.979003, 308.572724, 237.922432, -0.172528, 0.342708, 0.058560, -0.002012, 0.007405
0.97, 7584, 536.433346, 536.043913, 308.292791, 237.711389, -0.179680, 0.368415, 0.023001, -0.001990, 0.007374
0.97, 7104, 536.078232, 535.685219, 307.521775, 237.645621, -0.172222, 0.320450, 0.098965, -0.001785, 0.007067
0.97, 6624, 536.325832, 536.010206, 307.535414, 237.409979, -0.171734, 0.313224, 0.121916, -0.002081, 0.006904
0.97, 6144, 536.717030, 536.460780, 307.257468, 237.380097, -0.167322, 0.286840, 0.169715, -0.001878, 0.006867
0.97, 5664, 536.435521, 536.127551, 306.351184, 237.119892, -0.161212, 0.245367, 0.234052, -0.002275, 0.006536
0.97, 5184, 536.405063, 536.076380, 306.403489, 236.994185, -0.168580, 0.285623, 0.167573, -0.002447, 0.006523
0.97, 4704, 536.769645, 536.499952, 306.263529, 236.802468, -0.182630, 0.361290, 0.056476, -0.002813, 0.006296
0.97, 4224, 536.599183, 536.222153, 305.836322, 236.629793, -0.181403, 0.361170, 0.051403, -0.003395, 0.006089
0.97, 3744, 536.272100, 535.916292, 306.252937, 236.351251, -0.176806, 0.332726, 0.096321, -0.003707, 0.006404
0.97, 3264, 536.324758, 535.989414, 306.015854, 236.423016, -0.173481, 0.334139, 0.080770, -0.003467, 0.006392
0.97, 2784, 537.933600, 537.723791, 304.913197, 236.301084, -0.169278, 0.332523, 0.080176, -0.003335, 0.006467
0.97, 2304, 537.835776, 537.557081, 305.654175, 236.338895, -0.175421, 0.359135, 0.045673, -0.003612, 0.007336
0.97, 1824, 537.951938, 537.473575, 305.491554, 236.725253, -0.143022, 0.197492, 0.284018, -0.003879, 0.006949
0.97, 1344, 539.552855, 538.978759, 306.979625, 235.098353, -0.105925, 0.006016, 0.585925, -0.003247, 0.007096
0.97, 864, 535.832941, 534.828667, 300.559295, 234.416955, -0.127389, 0.220028, 0.106423, -0.003360, 0.002995
0.98, 9024, 535.545297, 535.348338, 308.562983, 237.708436, -0.163185, 0.343129, 0.048200, -0.001718, 0.006983
0.98, 8544, 535.498504, 535.257277, 308.745797, 237.755036, -0.161385, 0.329957, 0.067616, -0.001845, 0.007216
0.98, 8064, 535.423054, 535.214294, 308.682065, 237.735954, -0.166293, 0.349986, 0.041338, -0.001827, 0.007209
0.98, 7584, 535.512299, 535.258803, 308.512174, 237.600985, -0.170991, 0.366765, 0.018189, -0.001817, 0.007195
0.98, 7104, 535.266756, 535.009294, 308.026574, 237.556924, -0.165720, 0.333626, 0.070145, -0.001696, 0.006983
0.98, 6624, 535.425853, 535.220131, 308.022053, 237.399941, -0.165386, 0.328483, 0.086361, -0.001889, 0.006866
0.98, 6144, 535.679716, 535.515324, 307.848154, 237.372622, -0.162724, 0.312828, 0.114903, -0.001769, 0.006833
0.98, 5664, 535.458826, 535.260409, 307.226617, 237.194812, -0.157766, 0.281061, 0.163301, -0.002033, 0.006570
0.98, 5184, 535.435106, 535.224936, 307.244877, 237.113612, -0.162645, 0.308091, 0.118181, -0.002155, 0.006561
0.98, 4704, 535.698810, 535.527196, 307.161204, 236.972388, -0.172714, 0.362464, 0.037954, -0.002398, 0.006421
0.98, 4224, 535.576443, 535.338975, 306.891230, 236.861102, -0.171884, 0.362437, 0.034431, -0.002781, 0.006278
0.98, 3744, 535.352537, 535.133811, 307.120182, 236.695440, -0.168803, 0.342939, 0.065599, -0.002978, 0.006470
0.98, 3264, 535.362159, 535.153205, 307.000545, 236.750032, -0.166651, 0.344752, 0.053133, -0.002828, 0.006459
0.98, 2784, 536.385402, 536.270053, 306.248339, 236.689863, -0.164206, 0.346574, 0.046321, -0.002750, 0.006429
0.98, 2304, 536.287256, 536.124636, 306.718049, 236.717686, -0.167966, 0.362873, 0.025051, -0.002882, 0.006977
0.98, 1824, 536.327610, 536.038401, 306.633645, 236.908960, -0.146042, 0.254747, 0.183346, -0.003042, 0.006727
0.98, 1344, 537.403070, 537.065737, 307.695877, 235.769440, -0.120318, 0.123803, 0.387207, -0.002660, 0.006868
0.98, 864, 534.752821, 534.211334, 303.968825, 235.336203, -0.126245, 0.227527, 0.123739, -0.002700, 0.004389
0.99, 9024, 534.652119, 534.563271, 308.666437, 237.585820, -0.159385, 0.357156, 0.023633, -0.001596, 0.006912
0.99, 8544, 534.629860, 534.518177, 308.759496, 237.605547, -0.158590, 0.351066, 0.032775, -0.001657, 0.007030
0.99, 8064, 534.581123, 534.485453, 308.729400, 237.577346, -0.160799, 0.359680, 0.021795, -0.001662, 0.007023
0.99, 7584, 534.626376, 534.506816, 308.664529, 237.507081, -0.163011, 0.367147, 0.011892, -0.001660, 0.007029
0.99, 7104, 534.487943, 534.364926, 308.428742, 237.475982, -0.160024, 0.349194, 0.039392, -0.001614, 0.006916
0.99, 6624, 534.557169, 534.460542, 308.415322, 237.394503, -0.159807, 0.346154, 0.048513, -0.001704, 0.006850
0.99, 6144, 534.676960, 534.604346, 308.332878, 237.365971, -0.158791, 0.340487, 0.059115, -0.001662, 0.006826
0.99, 5664, 534.527078, 534.435445, 307.980489, 237.266830, -0.155475, 0.320664, 0.088508, -0.001798, 0.006656
0.99, 5184, 534.506590, 534.411757, 307.978653, 237.226945, -0.157741, 0.333510, 0.066566, -0.001865, 0.006649
0.99, 4704, 534.658749, 534.583706, 307.948494, 237.135700, -0.163322, 0.363865, 0.021512, -0.001990, 0.006591
0.99, 4224, 534.582914, 534.481141, 307.818886, 237.067218, -0.162743, 0.362955, 0.021459, -0.002184, 0.006520
0.99, 3744, 534.468527, 534.384477, 307.897919, 237.016951, -0.161480, 0.354308, 0.035552, -0.002259, 0.006598
0.99, 3264, 534.443589, 534.356494, 307.856717, 237.049394, -0.160485, 0.356184, 0.027051, -0.002194, 0.006583
0.99, 2784, 534.897056, 534.869504, 307.434010, 237.018937, -0.159096, 0.357047, 0.021984, -0.002174, 0.006500
0.99, 2304, 534.821223, 534.766926, 307.672956, 237.029082, -0.160920, 0.364676, 0.012599, -0.002196, 0.006747
0.99, 1824, 534.801517, 534.687317, 307.691853, 237.104729, -0.148983, 0.306680, 0.096647, -0.002251, 0.006659
0.99, 1344, 535.389940, 535.268057, 308.347487, 236.498191, -0.135248, 0.237974, 0.201878, -0.002040, 0.006804
0.99, 864, 533.965598, 533.820333, 307.069940, 236.419236, -0.132570, 0.263827, 0.109780, -0.001931, 0.005875
1.00, 9024, 533.795497, 533.812136, 308.732612, 237.487262, -0.156098, 0.372544, -0.001883, -0.001487, 0.006847
1.00, 8544, 533.799570, 533.813864, 308.742271, 237.480138, -0.156346, 0.373624, -0.003048, -0.001488, 0.006850
1.00, 8064, 533.774458, 533.789775, 308.731183, 237.441705, -0.155967, 0.371419, 0.000369, -0.001516, 0.006842
1.00, 7584, 533.774354, 533.786115, 308.769605, 237.428970, -0.155690, 0.369381, 0.004233, -0.001516, 0.006873
1.00, 7104, 533.740609, 533.750093, 308.758254, 237.406526, -0.155047, 0.366860, 0.006917, -0.001538, 0.006864
1.00, 6624, 533.720360, 533.731427, 308.740049, 237.396695, -0.154941, 0.366030, 0.008547, -0.001529, 0.006849
1.00, 6144, 533.709046, 533.727401, 308.741144, 237.364703, -0.155476, 0.369737, 0.002249, -0.001559, 0.006839
1.00, 5664, 533.638108, 533.650474, 308.644599, 237.341463, -0.154190, 0.363622, 0.010203, -0.001569, 0.006781
1.00, 5184, 533.616798, 533.634145, 308.629052, 237.337590, -0.153725, 0.361429, 0.013012, -0.001580, 0.006773
1.00, 4704, 533.648409, 533.668201, 308.647128, 237.290089, -0.154392, 0.365437, 0.006879, -0.001596, 0.006793
1.00, 4224, 533.615994, 533.646004, 308.643034, 237.251307, -0.153896, 0.362650, 0.012086, -0.001607, 0.006798
1.00, 3744, 533.617693, 533.665694, 308.602829, 237.317001, -0.154739, 0.366539, 0.006292, -0.001556, 0.006771
1.00, 3264, 533.564570, 533.595191, 308.609927, 237.323371, -0.154864, 0.368120, 0.002532, -0.001573, 0.006747
1.00, 2784, 533.459286, 533.514606, 308.522008, 237.306655, -0.153803, 0.363690, 0.006788, -0.001603, 0.006659
1.00, 2304, 533.422019, 533.470688, 308.568549, 237.294830, -0.154097, 0.364295, 0.007609, -0.001544, 0.006629
1.00, 1824, 533.356155, 533.406849, 308.710795, 237.311991, -0.151765, 0.353846, 0.021721, -0.001490, 0.006716
1.00, 1344, 533.501431, 533.581374, 308.990280, 237.272662, -0.150507, 0.348696, 0.027846, -0.001383, 0.006877
1.00, 864, 533.427922, 533.629789, 309.885691, 237.589015, -0.145167, 0.328085, 0.058227, -0.001078, 0.007397
1.01, 9024, 532.973602, 533.092931, 308.774446, 237.402708, -0.153280, 0.389132, -0.028192, -0.001388, 0.006785
1.01, 8544, 533.005622, 533.142225, 308.704772, 237.368171, -0.154615, 0.397529, -0.039810, -0.001334, 0.006674
1.01, 8064, 533.001625, 533.125453, 308.701288, 237.319209, -0.151754, 0.385072, -0.022852, -0.001383, 0.006663
1.01, 7584, 532.955001, 533.095086, 308.843120, 237.359731, -0.148998, 0.373423, -0.004876, -0.001381, 0.006724
1.01, 7104, 533.023782, 533.163387, 309.038186, 237.344000, -0.150742, 0.386535, -0.027337, -0.001467, 0.006824
1.01, 6624, 532.915401, 533.032453, 309.016997, 237.402511, -0.150749, 0.388038, -0.033576, -0.001358, 0.006858
1.01, 6144, 532.776088, 532.884254, 309.095898, 237.365952, -0.152762, 0.400634, -0.055943, -0.001457, 0.006866
1.01, 5664, 532.789996, 532.903642, 309.246543, 237.417892, -0.153789, 0.409537, -0.071287, -0.001343, 0.006939
1.01, 5184, 532.765410, 532.891832, 309.224125, 237.446740, -0.150533, 0.391766, -0.042623, -0.001295, 0.006928
1.01, 4704, 532.670078, 532.782688, 309.284260, 237.436101, -0.145952, 0.367527, -0.006652, -0.001211, 0.007021
1.01, 4224, 532.677577, 532.835484, 309.392164, 237.415822, -0.145370, 0.361875, 0.005532, -0.001048, 0.007106
1.01, 3744, 532.800583, 532.978067, 309.256922, 237.599214, -0.148566, 0.379776, -0.022660, -0.000863, 0.006982
1.01, 3264, 532.724132, 532.868835, 309.289593, 237.577150, -0.149755, 0.380637, -0.020843, -0.000960, 0.006942
1.01, 2784, 532.067073, 532.201283, 309.537382, 237.564554, -0.148267, 0.366464, 0.000353, -0.001033, 0.006889
1.01, 2304, 532.079667, 532.227836, 309.423888, 237.536281, -0.147396, 0.361715, 0.009307, -0.000906, 0.006601
1.01, 1824, 531.980687, 532.188752, 309.708847, 237.537416, -0.154364, 0.396754, -0.043080, -0.000741, 0.006878
1.01, 1344, 531.741569, 532.014981, 309.653508, 238.098692, -0.166412, 0.458584, -0.140252, -0.000672, 0.007072
1.01, 864, 533.117139, 533.627721, 312.420204, 238.800811, -0.164527, 0.427549, -0.048908, -0.000159, 0.008913
1.02, 9024, 532.184710, 532.403790, 308.800489, 237.331753, -0.150885, 0.406706, -0.055009, -0.001297, 0.006727
1.02, 8544, 532.246198, 532.501316, 308.655815, 237.268588, -0.153347, 0.422543, -0.077184, -0.001192, 0.006502
1.02, 8064, 532.261206, 532.490776, 308.650733, 237.208517, -0.148108, 0.400383, -0.047516, -0.001263, 0.006486
1.02, 7584, 532.166929, 532.432036, 308.896570, 237.299685, -0.142883, 0.379061, -0.015175, -0.001256, 0.006583
1.02, 7104, 532.336316, 532.603242, 309.284080, 237.290151, -0.147046, 0.407971, -0.063093, -0.001400, 0.006795
1.02, 6624, 532.141992, 532.362914, 309.261143, 237.414441, -0.147179, 0.411952, -0.077558, -0.001191, 0.006878
1.02, 6144, 531.877622, 532.074002, 309.412460, 237.372565, -0.150614, 0.433070, -0.115395, -0.001357, 0.006906
1.02, 5664, 531.981134, 532.193148, 309.806171, 237.500132, -0.154174, 0.457999, -0.155461, -0.001119, 0.007126
1.02, 5184, 531.951671, 532.183860, 309.783641, 237.559520, -0.148091, 0.424258, -0.100049, -0.001011, 0.007113
1.02, 4704, 531.723701, 531.926695, 309.879787, 237.578162, -0.137959, 0.369977, -0.018886, -0.000834, 0.007273
1.02, 4224, 531.767772, 532.049367, 310.088342, 237.566916, -0.137127, 0.360487, 0.001983, -0.000504, 0.007438
1.02, 3744, 532.016562, 532.320646, 309.878106, 237.871032, -0.142902, 0.393753, -0.050931, -0.000178, 0.007225
1.02, 3264, 531.920625, 532.175858, 309.917174, 237.818971, -0.145092, 0.393497, -0.042821, -0.000354, 0.007163
1.02, 2784, 530.717064, 530.926393, 310.508596, 237.803638, -0.142421, 0.365155, 0.002807, -0.000465, 0.007183
1.02, 2304, 530.787567, 531.032699, 310.262981, 237.765586, -0.140724, 0.356767, 0.017485, -0.000278, 0.006657
1.02, 1824, 530.667944, 531.027345, 310.704835, 237.782926, -0.156708, 0.435390, -0.098208, 0.000006, 0.007132
1.02, 1344, 530.104471, 530.566165, 310.357108, 238.976082, -0.182928, 0.568059, -0.303880, 0.000095, 0.007379
1.02, 864, 533.017947, 533.813985, 314.791630, 240.064661, -0.191274, 0.569800, -0.229222, 0.000844, 0.010462
1.03, 9024, 531.427628, 531.743677, 308.814490, 237.258870, -0.148887, 0.425186, -0.082279, -0.001209, 0.006671
1.03, 8544, 531.519726, 531.889757, 308.598418, 237.166446, -0.152516, 0.448605, -0.115171, -0.001057, 0.006332
1.03, 8064, 531.551774, 531.884378, 308.582630, 237.096176, -0.144998, 0.417251, -0.073554, -0.001151, 0.006310
1.03, 7584, 531.408878, 531.795818, 308.933705, 237.237298, -0.137318, 0.386198, -0.026601, -0.001134, 0.006446
1.03, 7104, 531.676979, 532.068634, 309.501376, 237.234269, -0.143934, 0.431062, -0.100251, -0.001331, 0.006774
1.03, 6624, 531.398461, 531.721469, 309.476171, 237.421887, -0.144188, 0.437586, -0.123179, -0.001023, 0.006905
1.03, 6144, 531.012007, 531.295382, 309.693926, 237.374331, -0.148983, 0.466797, -0.175737, -0.001253, 0.006955
1.03, 5664, 531.209383, 531.517285, 310.325274, 237.578313, -0.155247, 0.508508, -0.241584, -0.000888, 0.007335
1.03, 5184, 531.174433, 531.509467, 310.312247, 237.668083, -0.146338, 0.458618, -0.158871, -0.000720, 0.007323
1.03, 4704, 530.808325, 531.099509, 310.439176, 237.708958, -0.130351, 0.372496, -0.029407, -0.000459, 0.007546
1.03, 4224, 530.884821, 531.286421, 310.737059, 237.697389, -0.129088, 0.358174, 0.001797, 0.000030, 0.007793
1.03, 3744, 531.263257, 531.691629, 310.467433, 238.126249, -0.137653, 0.408085, -0.078066, 0.000505, 0.007496
1.03, 3264, 531.151480, 531.514324, 310.498027, 238.043546, -0.140788, 0.406364, -0.063041, 0.000251, 0.007406
1.03, 2784, 529.404133, 529.685572, 311.442344, 238.018832, -0.136119, 0.359209, 0.014781, 0.000109, 0.007534
1.03, 2304, 529.540299, 529.880286, 311.081431, 237.978591, -0.133985, 0.349225, 0.032104, 0.000350, 0.006783
1.03, 1824, 529.407709, 529.912851, 311.685718, 238.034599, -0.158663, 0.469347, -0.143515, 0.000756, 0.007460
1.03, 1344, 528.582771, 529.228911, 311.081599, 239.880421, -0.199943, 0.676965, -0.463554, 0.000920, 0.007776
1.03, 864, 533.124551, 534.203810, 317.243645, 241.441205, -0.225822, 0.761218, -0.497831, 0.001993, 0.012176
1.04, 9024, 530.701097, 531.110811, 308.821119, 237.208636, -0.147246, 0.444343, -0.109647, -0.001131, 0.006617
1.04, 8544, 530.825207, 531.306086, 308.536855, 237.083937, -0.152076, 0.475433, -0.153304, -0.000937, 0.006166
1.04, 8064, 530.872995, 531.305328, 308.505865, 237.000947, -0.142384, 0.435421, -0.100554, -0.001054, 0.006134
1.04, 7584, 530.680605, 531.185486, 308.963826, 237.191214, -0.132271, 0.394681, -0.038941, -0.001023, 0.006315
1.04, 7104, 531.046351, 531.558975, 309.704948, 237.196575, -0.141353, 0.455632, -0.138641, -0.001269, 0.006763
1.04, 6624, 530.687103, 531.109163, 309.675943, 237.446015, -0.141772, 0.464960, -0.170508, -0.000864, 0.006939
1.04, 6144, 530.181801, 530.549472, 309.958128, 237.393078, -0.147912, 0.502183, -0.237720, -0.001156, 0.007011
1.04, 5664, 530.476019, 530.876196, 310.827698, 237.674566, -0.157020, 0.561319, -0.330274, -0.000663, 0.007566
1.04, 5184, 530.435064, 530.868969, 310.828716, 237.793002, -0.145282, 0.495048, -0.219578, -0.000432, 0.007559
1.04, 4704, 529.926940, 530.302874, 310.982445, 237.847595, -0.123205, 0.375569, -0.039005, -0.000096, 0.007841
1.04, 4224, 530.033404, 530.549762, 311.363332, 237.829878, -0.121373, 0.355545, 0.004089, 0.000544, 0.008167
1.04, 3744, 530.544508, 531.093303, 311.043514, 238.385998, -0.132922, 0.423249, -0.104725, 0.001176, 0.007791
1.04, 3264, 530.419592, 530.886099, 311.055090, 238.271704, -0.136940, 0.419734, -0.082272, 0.000845, 0.007669
1.04, 2784, 528.130001, 528.479385, 312.366498, 238.229377, -0.129395, 0.348656, 0.036360, 0.000680, 0.007942
1.04, 2304, 528.336385, 528.769726, 311.919923, 238.203515, -0.127189, 0.339322, 0.052522, 0.000976, 0.006980
1.04, 1824, 528.203055, 528.849743, 312.687030, 238.314394, -0.160335, 0.499518, -0.180686, 0.001510, 0.007859
1.04, 1344, 527.165685, 527.994130, 311.836929, 240.826043, -0.217435, 0.785724, -0.620564, 0.001791, 0.008254
1.04, 864, 533.447391, 534.832180, 320.141592, 243.034881, -0.269243, 1.013005, -0.878468, 0.003407, 0.014273
1.05, 9024, 530.003532, 530.504437, 308.821274, 237.141236, -0.145946, 0.464196, -0.137258, -0.001051, 0.006564
1.05, 8544, 530.160322, 530.748786, 308.472490, 236.984795, -0.152010, 0.503098, -0.191865, -0.000819, 0.006001
1.05, 8064, 530.222024, 530.751619, 308.414641, 236.891906, -0.140234, 0.454861, -0.128599, -0.000959, 0.005956
1.05, 7584, 529.979403, 530.599333, 308.981371, 237.133090, -0.127703, 0.404367, -0.052058, -0.000911, 0.006188
1.05, 7104, 530.440774, 531.072189, 309.883013, 237.147875, -0.139280, 0.481503, -0.177949, -0.001201, 0.006758
1.05, 6624, 530.001946, 530.521756, 309.848928, 237.456769, -0.139845, 0.493622, -0.218887, -0.000696, 0.006976
1.05, 6144, 529.380029, 529.831361, 310.186342, 237.397941, -0.147242, 0.538245, -0.299643, -0.001047, 0.007071
1.05, 5664, 529.773729, 530.264385, 311.283095, 237.757808, -0.159277, 0.615068, -0.419143, -0.000426, 0.007808
1.05, 5184, 529.728011, 530.258355, 311.315059, 237.908260, -0.144763, 0.532546, -0.280425, -0.000131, 0.007814
1.05, 4704, 529.071558, 529.530360, 311.493909, 237.970739, -0.116248, 0.377652, -0.045181, 0.000272, 0.008154
1.05, 4224, 529.201945, 529.830016, 311.944306, 237.936783, -0.113612, 0.350693, 0.011789, 0.001056, 0.008560
1.05, 3744, 529.849594, 530.517190, 311.584694, 238.626357, -0.128373, 0.437582, -0.128455, 0.001855, 0.008106
1.05, 3264, 529.714863, 530.282867, 311.563077, 238.479236, -0.133235, 0.432060, -0.098201, 0.001444, 0.007945
1.05, 2784, 526.893157, 527.306599, 313.298920, 238.434521, -0.122202, 0.333355, 0.067682, 0.001250, 0.008407
1.05, 2304, 527.169780, 527.694855, 312.746950, 238.419800, -0.120159, 0.326189, 0.080015, 0.001610, 0.007237
1.05, 1824, 527.040690, 527.824111, 313.671120, 238.597099, -0.161441, 0.524407, -0.207531, 0.002273, 0.008314
1.05, 1344, 525.845923, 526.856087, 312.617274, 241.795208, -0.235304, 0.894161, -0.775104, 0.002706, 0.008794
1.05, 864, 533.792248, 535.480909, 323.108701, 244.714818, -0.315270, 1.284164, -1.296838, 0.004933, 0.016481
1.06, 9024, 529.333417, 529.922472, 308.818075, 237.091666, -0.144943, 0.484498, -0.164699, -0.000979, 0.006514
1.06, 8544, 529.523989, 530.216315, 308.407446, 236.900263, -0.152273, 0.531287, -0.230296, -0.000713, 0.005840
1.06, 8064, 529.599553, 530.222743, 308.326698, 236.809284, -0.138507, 0.475261, -0.157133, -0.000882, 0.005778
1.06, 7584, 529.306019, 530.036738, 309.004445, 237.100804, -0.123593, 0.415173, -0.065837, -0.000812, 0.006068
1.06, 7104, 529.861515, 530.608073, 310.055956, 237.114718, -0.137670, 0.508582, -0.218169, -0.001138, 0.006762
1.06, 6624, 529.346546, 529.961226, 310.013398, 237.482273, -0.138424, 0.523748, -0.268632, -0.000534, 0.007018
1.06, 6144, 528.611185, 529.143591, 310.404416, 237.418315, -0.147073, 0.575754, -0.362965, -0.000944, 0.007136
1.06, 5664, 529.106173, 529.683995, 311.728166, 237.857507, -0.162112, 0.670557, -0.509795, -0.000191, 0.008065
1.06, 5184, 529.056356, 529.679409, 311.797723, 238.039702, -0.144847, 0.571709, -0.342593, 0.000170, 0.008092
1.06, 4704, 528.248215, 528.786362, 312.002669, 238.102367, -0.109659, 0.379821, -0.049671, 0.000632, 0.008489
1.06, 4224, 528.400102, 529.134704, 312.519202, 238.047738, -0.106077, 0.345051, 0.022727, 0.001551, 0.008974
1.06, 3744, 529.186473, 529.969281, 312.120329, 238.873654, -0.124238, 0.452253, -0.150955, 0.002525, 0.008442
1.06, 3264, 529.044350, 529.710391, 312.059957, 238.693060, -0.129901, 0.444553, -0.112709, 0.002035, 0.008237
1.06, 2784, 525.678145, 526.151999, 314.202977, 238.617805, -0.113978, 0.310203, 0.113814, 0.001825, 0.008926
1.06, 2304, 526.038463, 526.653989, 313.582158, 238.639977, -0.112886, 0.309965, 0.114126, 0.002251, 0.007551
1.06, 1824, 525.915656, 526.830289, 314.618375, 238.882698, -0.161817, 0.543121, -0.222665, 0.003040, 0.008814
1.06, 1344, 524.601073, 525.789277, 313.350571, 242.763779, -0.252984, 0.998896, -0.921651, 0.003653, 0.009371
1.06, 864, 533.981925, 535.944896, 325.506327, 246.235743, -0.353408, 1.501321, -1.615976, 0.006295, 0.018336
1.07, 9024, 528.690041, 529.364353, 308.813060, 237.041997, -0.144226, 0.505224, -0.192003, -0.000911, 0.006465
1.07, 8544, 528.915111, 529.707717, 308.343627, 236.814194, -0.152848, 0.559993, -0.268687, -0.000613, 0.005681
1.07, 8064, 529.002798, 529.717009, 308.228176, 236.712704, -0.137187, 0.496673, -0.186386, -0.000809, 0.005599
1.07, 7584, 528.657781, 529.496312, 309.019000, 237.057168, -0.119908, 0.426955, -0.080126, -0.000713, 0.005951
1.07, 7104, 529.306791, 530.165401, 310.216553, 237.084270, -0.136502, 0.536712, -0.259038, -0.001074, 0.006771
1.07, 6624, 528.718039, 529.425330, 310.162674, 237.509289, -0.137462, 0.555065, -0.319342, -0.000372, 0.007062
1.07, 6144, 527.871703, 528.483398, 310.601306, 237.440488, -0.147316, 0.614130, -0.426697, -0.000837, 0.007202
1.07, 5664, 528.475744, 529.137046, 312.181386, 237.972647, -0.165553, 0.728091, -0.602885, 0.000044, 0.008339
1.07, 5184, 528.416789, 529.129357, 312.265109, 238.175696, -0.145427, 0.611848, -0.404889, 0.000478, 0.008387
1.07, 4704, 527.452321, 528.066778, 312.500129, 238.232491, -0.103263, 0.381036, -0.050737, 0.000991, 0.008846
1.07, 4224, 527.634928, 528.470091, 313.118341, 238.164427, -0.098921, 0.339540, 0.035373, 0.002031, 0.009416
1.07, 3744, 528.548771, 529.444041, 312.636663, 239.117209, -0.120307, 0.466148, -0.170504, 0.003195, 0.008793
1.07, 3264, 528.413278, 529.173800, 312.575018, 238.915183, -0.127066, 0.458073, -0.127309, 0.002622, 0.008549
1.07, 2784, 524.505614, 525.035122, 315.168877, 238.805552, -0.105396, 0.282964, 0.168658, 0.002397, 0.009507
1.07, 2304, 524.939167, 525.643272, 314.411508, 238.858664, -0.105268, 0.290121, 0.155613, 0.002898, 0.007914
1.07, 1824, 524.831660, 525.873818, 315.567297, 239.177934, -0.161746, 0.557743, -0.229992, 0.003812, 0.009353
1.07, 1344, 523.428510, 524.794215, 314.075757, 243.732428, -0.270579, 1.101167, -1.062788, 0.004618, 0.009971
1.07, 864, 534.055799, 536.256184, 327.121408, 247.546406, -0.386404, 1.679526, -1.861192, 0.007431, 0.019711
1.08, 9024, 528.071485, 528.828317, 308.793715, 237.019268, -0.143765, 0.526183, -0.218802, -0.000853, 0.006417
1.08, 8544, 528.331922, 529.221527, 308.265851, 236.748692, -0.153693, 0.588882, -0.306384, -0.000528, 0.005523
1.08, 8064, 528.429372, 529.232747, 308.110386, 236.594542, -0.136238, 0.518944, -0.216155, -0.000736, 0.005414
1.08, 7584, 528.034234, 528.977114, 309.035200, 237.019367, -0.116616, 0.439583, -0.094750, -0.000619, 0.005839
1.08, 7104, 528.779400, 529.745432, 310.401984, 237.072579, -0.135774, 0.566125, -0.301171, -0.001014, 0.006795
1.08, 6624, 528.121620, 528.917722, 310.328428, 237.556922, -0.137007, 0.587972, -0.371742, -0.000216, 0.007115
1.08, 6144, 527.161661, 527.850615, 310.785771, 237.470290, -0.147972, 0.653477, -0.491084, -0.000729, 0.007271
1.08, 5664, 527.871150, 528.614170, 312.592594, 238.081816, -0.169311, 0.785752, -0.694978, 0.000287, 0.008612
1.08, 5184, 527.818133, 528.615826, 312.769924, 238.333371, -0.146705, 0.654530, -0.470275, 0.000787, 0.008709
1.08, 4704, 526.684709, 527.372073, 312.999827, 238.365999, -0.097057, 0.381313, -0.048363, 0.001346, 0.009227
1.08, 4224, 526.886737, 527.818699, 313.691374, 238.266231, -0.091546, 0.330772, 0.055273, 0.002507, 0.009879
1.08, 3744, 527.937706, 528.942467, 313.146040, 239.363254, -0.116600, 0.479363, -0.187201, 0.003863, 0.009164
1.08, 3264, 527.792919, 528.646273, 313.002587, 239.116282, -0.123915, 0.467883, -0.134188, 0.003213, 0.008862
1.08, 2784, 523.341301, 523.921325, 316.084490, 238.967613, -0.095181, 0.244297, 0.244421, 0.002965, 0.010147
1.08, 2304, 523.868376, 524.659403, 315.236434, 239.077625, -0.097257, 0.266571, 0.204364, 0.003549, 0.008316
1.08, 1824, 523.782334, 524.950714, 316.530464, 239.476585, -0.161312, 0.569227, -0.231641, 0.004596, 0.009911
1.08, 1344, 522.322032, 523.864130, 314.781279, 244.683745, -0.287912, 1.199973, -1.196869, 0.005590, 0.010589
1.08, 864, 534.075376, 536.491952, 328.195796, 248.716012, -0.416759, 1.836596, -2.066234, 0.008412, 0.020755
1.09, 9024, 527.477219, 528.314206, 308.776430, 236.972556, -0.143550, 0.547441, -0.245357, -0.000794, 0.006374
1.09, 8544, 527.773602, 528.756447, 308.230436, 236.646255, -0.154803, 0.618443, -0.344769, -0.000435, 0.005368
1.09, 8064, 527.881061, 528.770036, 307.999295, 236.494588, -0.135631, 0.541849, -0.246027, -0.000677, 0.005231
1.09, 7584, 527.434028, 528.478019, 309.049865, 236.978749, -0.113695, 0.452972, -0.109626, -0.000528, 0.005730
1.09, 7104, 528.266858, 529.340436, 310.515372, 237.039441, -0.135350, 0.595500, -0.341825, -0.000943, 0.006815
1.09, 6624, 527.538100, 528.423920, 310.428295, 237.577562, -0.136799, 0.620810, -0.423040, -0.000042, 0.007163
1.09, 6144, 526.481482, 527.245657, 310.964806, 237.506097, -0.149065, 0.693935, -0.556333, -0.000616, 0.007352
1.09, 5664, 527.287838, 528.110875, 312.947236, 238.188065, -0.173283, 0.842825, -0.784697, 0.000539, 0.008897
1.09, 5184, 527.240534, 528.121507, 313.221881, 238.481636, -0.148173, 0.696298, -0.532523, 0.001108, 0.009029
1.09, 4704, 525.946697, 526.703170, 313.513723, 238.501506, -0.091052, 0.380706, -0.042593, 0.001702, 0.009648
1.09, 4224, 526.151905, 527.176358, 314.236079, 238.359287, -0.083815, 0.317870, 0.084003, 0.002971, 0.010349
1.09, 3744, 527.360255, 528.470993, 313.676126, 239.614565, -0.113294, 0.492988, -0.202840, 0.004532, 0.009572
1.09, 3264, 527.215838, 528.158515, 313.488914, 239.332045, -0.121371, 0.479539, -0.142732, 0.003798, 0.009184
1.09, 2784, 522.212964, 522.837956, 317.060481, 239.124952, -0.084312, 0.200002, 0.331363, 0.003527, 0.010849
1.09, 2304, 522.822467, 523.698093, 316.040868, 239.290376, -0.088753, 0.238766, 0.261188, 0.004202, 0.008746
1.09, 1824, 522.762918, 524.050563, 317.417109, 239.764334, -0.160042, 0.574180, -0.221428, 0.005369, 0.010489
1.09, 1344, 521.257163, 522.977827, 315.435784, 245.608505, -0.304454, 1.292475, -1.319571, 0.006571, 0.011158
1.09, 864, 534.070200, 536.691257, 328.957493, 249.788157, -0.445113, 1.978581, -2.243788, 0.009296, 0.021608
1.10, 9024, 526.904975, 527.818900, 308.781070, 236.922259, -0.143519, 0.568781, -0.271557, -0.000724, 0.006316
1.10, 8544, 527.236990, 528.310453, 308.150412, 236.570829, -0.156138, 0.647761, -0.381622, -0.000358, 0.005208
1.10, 8064, 527.356721, 528.328546, 307.896222, 236.401614, -0.135340, 0.565313, -0.275937, -0.000617, 0.005058
1.10, 7584, 526.854480, 527.998447, 309.038246, 236.920148, -0.111091, 0.466689, -0.123865, -0.000423, 0.005632
1.10, 7104, 527.785615, 528.961448, 310.682058, 237.028712, -0.135356, 0.626337, -0.384222, -0.000877, 0.006863
1.10, 6624, 526.992267, 527.963468, 310.567896, 237.624614, -0.137104, 0.655430, -0.476457, 0.000124, 0.007229
1.10, 6144, 525.826663, 526.662627, 311.143694, 237.548934, -0.150535, 0.735382, -0.622693, -0.000512, 0.007398
1.10, 5664, 526.732655, 527.632108, 313.322493, 238.307935, -0.177627, 0.900901, -0.875573, 0.000787, 0.009148
1.10, 5184, 526.685307, 527.646540, 313.654118, 238.634700, -0.149908, 0.737660, -0.592513, 0.001437, 0.009365
1.10, 4704, 525.233402, 526.054277, 314.047427, 238.639788, -0.085097, 0.378330, -0.031973, 0.002049, 0.010066
1.10, 4224, 525.441930, 526.553973, 314.789546, 238.454456, -0.075966, 0.302391, 0.118942, 0.003432, 0.010885
1.10, 3744, 526.797825, 528.011741, 314.193359, 239.864346, -0.109875, 0.503986, -0.212479, 0.005198, 0.009953
1.10, 3264, 526.655112, 527.684730, 313.922912, 239.540674, -0.118560, 0.487810, -0.143896, 0.004387, 0.009553
1.10, 2784, 521.073313, 521.741277, 317.944950, 239.266096, -0.071803, 0.145102, 0.436083, 0.004084, 0.011491
1.10, 2304, 521.788106, 522.745922, 316.812840, 239.501552, -0.079430, 0.205108, 0.328302, 0.004855, 0.009197
1.10, 1824, 521.741900, 523.144699, 318.203299, 240.040517, -0.157365, 0.570206, -0.196608, 0.006125, 0.011020
1.10, 1344, 520.215024, 522.108039, 316.017414, 246.494307, -0.319356, 1.373848, -1.422959, 0.007525, 0.011733
1.10, 864, 534.050041, 536.861177, 329.460742, 250.773294, -0.471532, 2.107306, -2.399019, 0.010092, 0.022316
